Job <3845883> has been submitted to queue <q_cpc>
waiting for dispatch ...
[2022- 7-21] [17:25:20] [INFO] Number of Process    :  6

[2022- 7-21] [17:25:20] [INFO] <<================ Matrix index  :  0 ================>>
[2022- 7-21] [17:25:20] [INFO] Mesh num             :  60000
[2022- 7-21] [17:25:20] [INFO] Mesh >> decompose mesh!
[2022- 7-21] [17:25:20] [INFO] Decompse num         :  6
[2022- 7-21] [17:25:20] [INFO] Row num              :  10000
[2022- 7-21] [17:25:20] [INFO] Uppper non-zero num  :  10000
[2022- 7-21] [17:25:20] [INFO] Init >> init vector!
[2022- 7-21] [17:25:20] [INFO] Matrix >> matrix tranform!
[2022- 7-21] [17:25:20] [INFO] Iteration >> Main Iterations start!
[2022- 7-21] [17:25:20] [INFO] Iteration >> [0/200]
1118 -159 -165 -159 -146 -136 -188 -172 
-159 1064 -177 -166 -150 -145 -125 -173 
-165 -177 1080 -167 -177 -127 -131 -157 
-159 -166 -167 1088 -153 -164 -152 -141 
-146 -150 -177 -153 1076 -137 -149 -146 
-136 -145 -127 -164 -137 1092 -133 -153 
-188 -125 -131 -152 -149 -133 1088 -181 
-172 -173 -157 -141 -146 -153 -181 1100 

1118 -159 -165 -159 -146 -136 -188 -172 
-159 1064 -177 -166 -150 -145 -125 -173 
-165 -177 1080 -167 -177 -127 -131 -157 
-159 -166 -167 1088 -153 -164 -152 -141 
-146 -150 -177 -153 1076 -137 -149 -146 
-136 -145 -127 -164 -137 1092 -133 -153 
-188 -125 -131 -152 -149 -133 1088 -181 
-172 -173 -157 -141 -146 -153 -181 1100 

1118 -159 -165 -159 -146 -136 -188 -172 
-159 1064 -177 -166 -150 -145 -125 -173 
-165 -177 1080 -167 -177 -127 -131 -157 
-159 -166 -167 1088 -153 -164 -152 -141 
-146 -150 -177 -153 1076 -137 -149 -146 
-136 -145 -127 -164 -137 1092 -133 -153 
-188 -125 -131 -152 -149 -133 1088 -181 
-172 -173 -157 -141 -146 -153 -181 1100 

1118 -159 -165 -159 -146 -136 -188 -172 
-159 1064 -177 -166 -150 -145 -125 -173 
-165 -177 1080 -167 -177 -127 -131 -157 
-159 -166 -167 1088 -153 -164 -152 -141 
-146 -150 -177 -153 1076 -137 -149 -146 
-136 -145 -127 -164 -137 1092 -133 -153 
-188 -125 -131 -152 -149 -133 1088 -181 
-172 -173 -157 -141 -146 -153 -181 1100 

1118 -159 -165 -159 -146 -136 -188 -172 
-159 1064 -177 -166 -150 -145 -125 -173 
-165 -177 1080 -167 -177 -127 -131 -157 
-159 -166 -167 1088 -153 -164 -152 -141 
-146 -150 -177 -153 1076 -137 -149 -146 
-136 -145 -127 -164 -137 1092 -133 -153 
-188 -125 -131 -152 -149 -133 1088 -181 
-172 -173 -157 -141 -146 -153 -181 1100 

1118 -159 -165 -159 -146 -136 -188 -172 
-159 1064 -177 -166 -150 -145 -125 -173 
-165 -177 1080 -167 -177 -127 -131 -157 
-159 -166 -167 1088 -153 -164 -152 -141 
-146 -150 -177 -153 1076 -137 -149 -146 
-136 -145 -127 -164 -137 1092 -133 -153 
-188 -125 -131 -152 -149 -133 1088 -181 
-172 -173 -157 -141 -146 -153 -181 1100 

1118 -159 -165 -159 -146 -136 -188 -172 
-159 1064 -177 -166 -150 -145 -125 -173 
-165 -177 1080 -167 -177 -127 -131 -157 
-159 -166 -167 1088 -153 -164 -152 -141 
-146 -150 -177 -153 1076 -137 -149 -146 
-136 -145 -127 -164 -137 1092 -133 -153 
-188 -125 -131 -152 -149 -133 1088 -181 
-172 -173 -157 -141 -146 -153 -181 1100 

1118 -159 -165 -159 -146 -136 -188 -172 
-159 1064 -177 -166 -150 -145 -125 -173 
-165 -177 1080 -167 -177 -127 -131 -157 
-159 -166 -167 1088 -153 -164 -152 -141 
-146 -150 -177 -153 1076 -137 -149 -146 
-136 -145 -127 -164 -137 1092 -133 -153 
-188 -125 -131 -152 -149 -133 1088 -181 
-172 -173 -157 -141 -146 -153 -181 1100 

1118 -159 -165 -159 -146 -136 -188 -172 
-159 1064 -177 -166 -150 -145 -125 -173 
-165 -177 1080 -167 -177 -127 -131 -157 
-159 -166 -167 1088 -153 -164 -152 -141 
-146 -150 -177 -153 1076 -137 -149 -146 
-136 -145 -127 -164 -137 1092 -133 -153 
-188 -125 -131 -152 -149 -133 1088 -181 
-172 -173 -157 -141 -146 -153 -181 1100 

1118 -159 -165 -159 -146 -136 -188 -172 
-159 1064 -177 -166 -150 -145 -125 -173 
-165 -177 1080 -167 -177 -127 -131 -157 
-159 -166 -167 1088 -153 -164 -152 -141 
-146 -150 -177 -153 1076 -137 -149 -146 
-136 -145 -127 -164 -137 1092 -133 -153 
-188 -125 -131 -152 -149 -133 1088 -181 
-172 -173 -157 -141 -146 -153 -181 1100 

1118 -159 -165 -159 -146 -136 -188 -172 
-159 1064 -177 -166 -150 -145 -125 -173 
-165 -177 1080 -167 -177 -127 -131 -157 
-159 -166 -167 1088 -153 -164 -152 -141 
-146 -150 -177 -153 1076 -137 -149 -146 
-136 -145 -127 -164 -137 1092 -133 -153 
-188 -125 -131 -152 -149 -133 1088 -181 
-172 -173 -157 -141 -146 -153 -181 1100 

1118 -159 -165 -159 -146 -136 -188 -172 
-159 1064 -177 -166 -150 -145 -125 -173 
-165 -177 1080 -167 -177 -127 -131 -157 
-159 -166 -167 1088 -153 -164 -152 -141 
-146 -150 -177 -153 1076 -137 -149 -146 
-136 -145 -127 -164 -137 1092 -133 -153 
-188 -125 -131 -152 -149 -133 1088 -181 
-172 -173 -157 -141 -146 -153 -181 1100 

1118 -159 -165 -159 -146 -136 -188 -172 
-159 1064 -177 -166 -150 -145 -125 -173 
-165 -177 1080 -167 -177 -127 -131 -157 
-159 -166 -167 1088 -153 -164 -152 -141 
-146 -150 -177 -153 1076 -137 -149 -146 
-136 -145 -127 -164 -137 1092 -133 -153 
-188 -125 -131 -152 -149 -133 1088 -181 
-172 -173 -157 -141 -146 -153 -181 1100 

1118 -159 -165 -159 -146 -136 -188 -172 
-159 1064 -177 -166 -150 -145 -125 -173 
-165 -177 1080 -167 -177 -127 -131 -157 
-159 -166 -167 1088 -153 -164 -152 -141 
-146 -150 -177 -153 1076 -137 -149 -146 
-136 -145 -127 -164 -137 1092 -133 -153 
-188 -125 -131 -152 -149 -133 1088 -181 
-172 -173 -157 -141 -146 -153 -181 1100 

1118 -159 -165 -159 -146 -136 -188 -172 
-159 1064 -177 -166 -150 -145 -125 -173 
-165 -177 1080 -167 -177 -127 -131 -157 
-159 -166 -167 1088 -153 -164 -152 -141 
-146 -150 -177 -153 1076 -137 -149 -146 
-136 -145 -127 -164 -137 1092 -133 -153 
-188 -125 -131 -152 -149 -133 1088 -181 
-172 -173 -157 -141 -146 -153 -181 1100 

1118 -159 -165 -159 -146 -136 -188 -172 
-159 1064 -177 -166 -150 -145 -125 -173 
-165 -177 1080 -167 -177 -127 -131 -157 
-159 -166 -167 1088 -153 -164 -152 -141 
-146 -150 -177 -153 1076 -137 -149 -146 
-136 -145 -127 -164 -137 1092 -133 -153 
-188 -125 -131 -152 -149 -133 1088 -181 
-172 -173 -157 -141 -146 -153 -181 1100 

1118 -159 -165 -159 -146 -136 -188 -172 
-159 1064 -177 -166 -150 -145 -125 -173 
-165 -177 1080 -167 -177 -127 -131 -157 
-159 -166 -167 1088 -153 -164 -152 -141 
-146 -150 -177 -153 1076 -137 -149 -146 
-136 -145 -127 -164 -137 1092 -133 -153 
-188 -125 -131 -152 -149 -133 1088 -181 
-172 -173 -157 -141 -146 -153 -181 1100 

1118 -159 -165 -159 -146 -136 -188 -172 
-159 1064 -177 -166 -150 -145 -125 -173 
-165 -177 1080 -167 -177 -127 -131 -157 
-159 -166 -167 1088 -153 -164 -152 -141 
-146 -150 -177 -153 1076 -137 -149 -146 
-136 -145 -127 -164 -137 1092 -133 -153 
-188 -125 -131 -152 -149 -133 1088 -181 
-172 -173 -157 -141 -146 -153 -181 1100 

1118 -159 -165 -159 -146 -136 -188 -172 
-159 1064 -177 -166 -150 -145 -125 -173 
-165 -177 1080 -167 -177 -127 -131 -157 
-159 -166 -167 1088 -153 -164 -152 -141 
-146 -150 -177 -153 1076 -137 -149 -146 
-136 -145 -127 -164 -137 1092 -133 -153 
-188 -125 -131 -152 -149 -133 1088 -181 
-172 -173 -157 -141 -146 -153 -181 1100 

1118 -159 -165 -159 -146 -136 -188 -172 
-159 1064 -177 -166 -150 -145 -125 -173 
-165 -177 1080 -167 -177 -127 -131 -157 
-159 -166 -167 1088 -153 -164 -152 -141 
-146 -150 -177 -153 1076 -137 -149 -146 
-136 -145 -127 -164 -137 1092 -133 -153 
-188 -125 -131 -152 -149 -133 1088 -181 
-172 -173 -157 -141 -146 -153 -181 1100 

1118 -159 -165 -159 -146 -136 -188 -172 
-159 1064 -177 -166 -150 -145 -125 -173 
-165 -177 1080 -167 -177 -127 -131 -157 
-159 -166 -167 1088 -153 -164 -152 -141 
-146 -150 -177 -153 1076 -137 -149 -146 
-136 -145 -127 -164 -137 1092 -133 -153 
-188 -125 -131 -152 -149 -133 1088 -181 
-172 -173 -157 -141 -146 -153 -181 1100 

1118 -159 -165 -159 -146 -136 -188 -172 
-159 1064 -177 -166 -150 -145 -125 -173 
-165 -177 1080 -167 -177 -127 -131 -157 
-159 -166 -167 1088 -153 -164 -152 -141 
-146 -150 -177 -153 1076 -137 -149 -146 
-136 -145 -127 -164 -137 1092 -133 -153 
-188 -125 -131 -152 -149 -133 1088 -181 
-172 -173 -157 -141 -146 -153 -181 1100 

1118 -159 -165 -159 -146 -136 -188 -172 
-159 1064 -177 -166 -150 -145 -125 -173 
-165 -177 1080 -167 -177 -127 -131 -157 
-159 -166 -167 1088 -153 -164 -152 -141 
-146 -150 -177 -153 1076 -137 -149 -146 
-136 -145 -127 -164 -137 1092 -133 -153 
-188 -125 -131 -152 -149 -133 1088 -181 
-172 -173 -157 -141 -146 -153 -181 1100 

1118 -159 -165 -159 -146 -136 -188 -172 
-159 1064 -177 -166 -150 -145 -125 -173 
-165 -177 1080 -167 -177 -127 -131 -157 
-159 -166 -167 1088 -153 -164 -152 -141 
-146 -150 -177 -153 1076 -137 -149 -146 
-136 -145 -127 -164 -137 1092 -133 -153 
-188 -125 -131 -152 -149 -133 1088 -181 
-172 -173 -157 -141 -146 -153 -181 1100 

1118 -159 -165 -159 -146 -136 -188 -172 
-159 1064 -177 -166 -150 -145 -125 -173 
-165 -177 1080 -167 -177 -127 -131 -157 
-159 -166 -167 1088 -153 -164 -152 -141 
-146 -150 -177 -153 1076 -137 -149 -146 
-136 -145 -127 -164 -137 1092 -133 -153 
-188 -125 -131 -152 -149 -133 1088 -181 
-172 -173 -157 -141 -146 -153 -181 1100 

1118 -159 -165 -159 -146 -136 -188 -172 
-159 1064 -177 -166 -150 -145 -125 -173 
-165 -177 1080 -167 -177 -127 -131 -157 
-159 -166 -167 1088 -153 -164 -152 -141 
-146 -150 -177 -153 1076 -137 -149 -146 
-136 -145 -127 -164 -137 1092 -133 -153 
-188 -125 -131 -152 -149 -133 1088 -181 
-172 -173 -157 -141 -146 -153 -181 1100 

1118 -159 -165 -159 -146 -136 -188 -172 
-159 1064 -177 -166 -150 -145 -125 -173 
-165 -177 1080 -167 -177 -127 -131 -157 
-159 -166 -167 1088 -153 -164 -152 -141 
-146 -150 -177 -153 1076 -137 -149 -146 
-136 -145 -127 -164 -137 1092 -133 -153 
-188 -125 -131 -152 -149 -133 1088 -181 
-172 -173 -157 -141 -146 -153 -181 1100 

1118 -159 -165 -159 -146 -136 -188 -172 
-159 1064 -177 -166 -150 -145 -125 -173 
-165 -177 1080 -167 -177 -127 -131 -157 
-159 -166 -167 1088 -153 -164 -152 -141 
-146 -150 -177 -153 1076 -137 -149 -146 
-136 -145 -127 -164 -137 1092 -133 -153 
-188 -125 -131 -152 -149 -133 1088 -181 
-172 -173 -157 -141 -146 -153 -181 1100 

1118 -159 -165 -159 -146 -136 -188 -172 
-159 1064 -177 -166 -150 -145 -125 -173 
-165 -177 1080 -167 -177 -127 -131 -157 
-159 -166 -167 1088 -153 -164 -152 -141 
-146 -150 -177 -153 1076 -137 -149 -146 
-136 -145 -127 -164 -137 1092 -133 -153 
-188 -125 -131 -152 -149 -133 1088 -181 
-172 -173 -157 -141 -146 -153 -181 1100 

1118 -159 -165 -159 -146 -136 -188 -172 
-159 1064 -177 -166 -150 -145 -125 -173 
-165 -177 1080 -167 -177 -127 -131 -157 
-159 -166 -167 1088 -153 -164 -152 -141 
-146 -150 -177 -153 1076 -137 -149 -146 
-136 -145 -127 -164 -137 1092 -133 -153 
-188 -125 -131 -152 -149 -133 1088 -181 
-172 -173 -157 -141 -146 -153 -181 1100 

1118 -159 -165 -159 -146 -136 -188 -172 
-159 1064 -177 -166 -150 -145 -125 -173 
-165 -177 1080 -167 -177 -127 -131 -157 
-159 -166 -167 1088 -153 -164 -152 -141 
-146 -150 -177 -153 1076 -137 -149 -146 
-136 -145 -127 -164 -137 1092 -133 -153 
-188 -125 -131 -152 -149 -133 1088 -181 
-172 -173 -157 -141 -146 -153 -181 1100 

1118 -159 -165 -159 -146 -136 -188 -172 
-159 1064 -177 -166 -150 -145 -125 -173 
-165 -177 1080 -167 -177 -127 -131 -157 
-159 -166 -167 1088 -153 -164 -152 -141 
-146 -150 -177 -153 1076 -137 -149 -146 
-136 -145 -127 -164 -137 1092 -133 -153 
-188 -125 -131 -152 -149 -133 1088 -181 
-172 -173 -157 -141 -146 -153 -181 1100 

1118 -159 -165 -159 -146 -136 -188 -172 
-159 1064 -177 -166 -150 -145 -125 -173 
-165 -177 1080 -167 -177 -127 -131 -157 
-159 -166 -167 1088 -153 -164 -152 -141 
-146 -150 -177 -153 1076 -137 -149 -146 
-136 -145 -127 -164 -137 1092 -133 -153 
-188 -125 -131 -152 -149 -133 1088 -181 
-172 -173 -157 -141 -146 -153 -181 1100 

1118 -159 -165 -159 -146 -136 -188 -172 
-159 1064 -177 -166 -150 -145 -125 -173 
-165 -177 1080 -167 -177 -127 -131 -157 
-159 -166 -167 1088 -153 -164 -152 -141 
-146 -150 -177 -153 1076 -137 -149 -146 
-136 -145 -127 -164 -137 1092 -133 -153 
-188 -125 -131 -152 -149 -133 1088 -181 
-172 -173 -157 -141 -146 -153 -181 1100 

1118 -159 -165 -159 -146 -136 -188 -172 
-159 1064 -177 -166 -150 -145 -125 -173 
-165 -177 1080 -167 -177 -127 -131 -157 
-159 -166 -167 1088 -153 -164 -152 -141 
-146 -150 -177 -153 1076 -137 -149 -146 
-136 -145 -127 -164 -137 1092 -133 -153 
-188 -125 -131 -152 -149 -133 1088 -181 
-172 -173 -157 -141 -146 -153 -181 1100 

1118 -159 -165 -159 -146 -136 -188 -172 
-159 1064 -177 -166 -150 -145 -125 -173 
-165 -177 1080 -167 -177 -127 -131 -157 
-159 -166 -167 1088 -153 -164 -152 -141 
-146 -150 -177 -153 1076 -137 -149 -146 
-136 -145 -127 -164 -137 1092 -133 -153 
-188 -125 -131 -152 -149 -133 1088 -181 
-172 -173 -157 -141 -146 -153 -181 1100 

1118 -159 -165 -159 -146 -136 -188 -172 
-159 1064 -177 -166 -150 -145 -125 -173 
-165 -177 1080 -167 -177 -127 -131 -157 
-159 -166 -167 1088 -153 -164 -152 -141 
-146 -150 -177 -153 1076 -137 -149 -146 
-136 -145 -127 -164 -137 1092 -133 -153 
-188 -125 -131 -152 -149 -133 1088 -181 
-172 -173 -157 -141 -146 -153 -181 1100 

1118 -159 -165 -159 -146 -136 -188 -172 
-159 1064 -177 -166 -150 -145 -125 -173 
-165 -177 1080 -167 -177 -127 -131 -157 
-159 -166 -167 1088 -153 -164 -152 -141 
-146 -150 -177 -153 1076 -137 -149 -146 
-136 -145 -127 -164 -137 1092 -133 -153 
-188 -125 -131 -152 -149 -133 1088 -181 
-172 -173 -157 -141 -146 -153 -181 1100 

1118 -159 -165 -159 -146 -136 -188 -172 
-159 1064 -177 -166 -150 -145 -125 -173 
-165 -177 1080 -167 -177 -127 -131 -157 
-159 -166 -167 1088 -153 -164 -152 -141 
-146 -150 -177 -153 1076 -137 -149 -146 
-136 -145 -127 -164 -137 1092 -133 -153 
-188 -125 -131 -152 -149 -133 1088 -181 
-172 -173 -157 -141 -146 -153 -181 1100 

1118 -159 -165 -159 -146 -136 -188 -172 
-159 1064 -177 -166 -150 -145 -125 -173 
-165 -177 1080 -167 -177 -127 -131 -157 
-159 -166 -167 1088 -153 -164 -152 -141 
-146 -150 -177 -153 1076 -137 -149 -146 
-136 -145 -127 -164 -137 1092 -133 -153 
-188 -125 -131 -152 -149 -133 1088 -181 
-172 -173 -157 -141 -146 -153 -181 1100 

1118 -159 -165 -159 -146 -136 -188 -172 
-159 1064 -177 -166 -150 -145 -125 -173 
-165 -177 1080 -167 -177 -127 -131 -157 
-159 -166 -167 1088 -153 -164 -152 -141 
-146 -150 -177 -153 1076 -137 -149 -146 
-136 -145 -127 -164 -137 1092 -133 -153 
-188 -125 -131 -152 -149 -133 1088 -181 
-172 -173 -157 -141 -146 -153 -181 1100 

1118 -159 -165 -159 -146 -136 -188 -172 
-159 1064 -177 -166 -150 -145 -125 -173 
-165 -177 1080 -167 -177 -127 -131 -157 
-159 -166 -167 1088 -153 -164 -152 -141 
-146 -150 -177 -153 1076 -137 -149 -146 
-136 -145 -127 -164 -137 1092 -133 -153 
-188 -125 -131 -152 -149 -133 1088 -181 
-172 -173 -157 -141 -146 -153 -181 1100 

1118 -159 -165 -159 -146 -136 -188 -172 
-159 1064 -177 -166 -150 -145 -125 -173 
-165 -177 1080 -167 -177 -127 -131 -157 
-159 -166 -167 1088 -153 -164 -152 -141 
-146 -150 -177 -153 1076 -137 -149 -146 
-136 -145 -127 -164 -137 1092 -133 -153 
-188 -125 -131 -152 -149 -133 1088 -181 
-172 -173 -157 -141 -146 -153 -181 1100 

1118 -159 -165 -159 -146 -136 -188 -172 
-159 1064 -177 -166 -150 -145 -125 -173 
-165 -177 1080 -167 -177 -127 -131 -157 
-159 -166 -167 1088 -153 -164 -152 -141 
-146 -150 -177 -153 1076 -137 -149 -146 
-136 -145 -127 -164 -137 1092 -133 -153 
-188 -125 -131 -152 -149 -133 1088 -181 
-172 -173 -157 -141 -146 -153 -181 1100 

1118 -159 -165 -159 -146 -136 -188 -172 
-159 1064 -177 -166 -150 -145 -125 -173 
-165 -177 1080 -167 -177 -127 -131 -157 
-159 -166 -167 1088 -153 -164 -152 -141 
-146 -150 -177 -153 1076 -137 -149 -146 
-136 -145 -127 -164 -137 1092 -133 -153 
-188 -125 -131 -152 -149 -133 1088 -181 
-172 -173 -157 -141 -146 -153 -181 1100 

1118 -159 -165 -159 -146 -136 -188 -172 
-159 1064 -177 -166 -150 -145 -125 -173 
-165 -177 1080 -167 -177 -127 -131 -157 
-159 -166 -167 1088 -153 -164 -152 -141 
-146 -150 -177 -153 1076 -137 -149 -146 
-136 -145 -127 -164 -137 1092 -133 -153 
-188 -125 -131 -152 -149 -133 1088 -181 
-172 -173 -157 -141 -146 -153 -181 1100 

1118 -159 -165 -159 -146 -136 -188 -172 
-159 1064 -177 -166 -150 -145 -125 -173 
-165 -177 1080 -167 -177 -127 -131 -157 
-159 -166 -167 1088 -153 -164 -152 -141 
-146 -150 -177 -153 1076 -137 -149 -146 
-136 -145 -127 -164 -137 1092 -133 -153 
-188 -125 -131 -152 -149 -133 1088 -181 
-172 -173 -157 -141 -146 -153 -181 1100 

1118 -159 -165 -159 -146 -136 -188 -172 
-159 1064 -177 -166 -150 -145 -125 -173 
-165 -177 1080 -167 -177 -127 -131 -157 
-159 -166 -167 1088 -153 -164 -152 -141 
-146 -150 -177 -153 1076 -137 -149 -146 
-136 -145 -127 -164 -137 1092 -133 -153 
-188 -125 -131 -152 -149 -133 1088 -181 
-172 -173 -157 -141 -146 -153 -181 1100 

1118 -159 -165 -159 -146 -136 -188 -172 
-159 1064 -177 -166 -150 -145 -125 -173 
-165 -177 1080 -167 -177 -127 -131 -157 
-159 -166 -167 1088 -153 -164 -152 -141 
-146 -150 -177 -153 1076 -137 -149 -146 
-136 -145 -127 -164 -137 1092 -133 -153 
-188 -125 -131 -152 -149 -133 1088 -181 
-172 -173 -157 -141 -146 -153 -181 1100 

1118 -159 -165 -159 -146 -136 -188 -172 
-159 1064 -177 -166 -150 -145 -125 -173 
-165 -177 1080 -167 -177 -127 -131 -157 
-159 -166 -167 1088 -153 -164 -152 -141 
-146 -150 -177 -153 1076 -137 -149 -146 
-136 -145 -127 -164 -137 1092 -133 -153 
-188 -125 -131 -152 -149 -133 1088 -181 
-172 -173 -157 -141 -146 -153 -181 1100 

1118 -159 -165 -159 -146 -136 -188 -172 
-159 1064 -177 -166 -150 -145 -125 -173 
-165 -177 1080 -167 -177 -127 -131 -157 
-159 -166 -167 1088 -153 -164 -152 -141 
-146 -150 -177 -153 1076 -137 -149 -146 
-136 -145 -127 -164 -137 1092 -133 -153 
-188 -125 -131 -152 -149 -133 1088 -181 
-172 -173 -157 -141 -146 -153 -181 1100 

1118 -159 -165 -159 -146 -136 -188 -172 
-159 1064 -177 -166 -150 -145 -125 -173 
-165 -177 1080 -167 -177 -127 -131 -157 
-159 -166 -167 1088 -153 -164 -152 -141 
-146 -150 -177 -153 1076 -137 -149 -146 
-136 -145 -127 -164 -137 1092 -133 -153 
-188 -125 -131 -152 -149 -133 1088 -181 
-172 -173 -157 -141 -146 -153 -181 1100 

1118 -159 -165 -159 -146 -136 -188 -172 
-159 1064 -177 -166 -150 -145 -125 -173 
-165 -177 1080 -167 -177 -127 -131 -157 
-159 -166 -167 1088 -153 -164 -152 -141 
-146 -150 -177 -153 1076 -137 -149 -146 
-136 -145 -127 -164 -137 1092 -133 -153 
-188 -125 -131 -152 -149 -133 1088 -181 
-172 -173 -157 -141 -146 -153 -181 1100 

1118 -159 -165 -159 -146 -136 -188 -172 
-159 1064 -177 -166 -150 -145 -125 -173 
-165 -177 1080 -167 -177 -127 -131 -157 
-159 -166 -167 1088 -153 -164 -152 -141 
-146 -150 -177 -153 1076 -137 -149 -146 
-136 -145 -127 -164 -137 1092 -133 -153 
-188 -125 -131 -152 -149 -133 1088 -181 
-172 -173 -157 -141 -146 -153 -181 1100 

1118 -159 -165 -159 -146 -136 -188 -172 
-159 1064 -177 -166 -150 -145 -125 -173 
-165 -177 1080 -167 -177 -127 -131 -157 
-159 -166 -167 1088 -153 -164 -152 -141 
-146 -150 -177 -153 1076 -137 -149 -146 
-136 -145 -127 -164 -137 1092 -133 -153 
-188 -125 -131 -152 -149 -133 1088 -181 
-172 -173 -157 -141 -146 -153 -181 1100 

1118 -159 -165 -159 -146 -136 -188 -172 
-159 1064 -177 -166 -150 -145 -125 -173 
-165 -177 1080 -167 -177 -127 -131 -157 
-159 -166 -167 1088 -153 -164 -152 -141 
-146 -150 -177 -153 1076 -137 -149 -146 
-136 -145 -127 -164 -137 1092 -133 -153 
-188 -125 -131 -152 -149 -133 1088 -181 
-172 -173 -157 -141 -146 -153 -181 1100 

1118 -159 -165 -159 -146 -136 -188 -172 
-159 1064 -177 -166 -150 -145 -125 -173 
-165 -177 1080 -167 -177 -127 -131 -157 
-159 -166 -167 1088 -153 -164 -152 -141 
-146 -150 -177 -153 1076 -137 -149 -146 
-136 -145 -127 -164 -137 1092 -133 -153 
-188 -125 -131 -152 -149 -133 1088 -181 
-172 -173 -157 -141 -146 -153 -181 1100 

1118 -159 -165 -159 -146 -136 -188 -172 
-159 1064 -177 -166 -150 -145 -125 -173 
-165 -177 1080 -167 -177 -127 -131 -157 
-159 -166 -167 1088 -153 -164 -152 -141 
-146 -150 -177 -153 1076 -137 -149 -146 
-136 -145 -127 -164 -137 1092 -133 -153 
-188 -125 -131 -152 -149 -133 1088 -181 
-172 -173 -157 -141 -146 -153 -181 1100 

1118 -159 -165 -159 -146 -136 -188 -172 
-159 1064 -177 -166 -150 -145 -125 -173 
-165 -177 1080 -167 -177 -127 -131 -157 
-159 -166 -167 1088 -153 -164 -152 -141 
-146 -150 -177 -153 1076 -137 -149 -146 
-136 -145 -127 -164 -137 1092 -133 -153 
-188 -125 -131 -152 -149 -133 1088 -181 
-172 -173 -157 -141 -146 -153 -181 1100 

1118 -159 -165 -159 -146 -136 -188 -172 
-159 1064 -177 -166 -150 -145 -125 -173 
-165 -177 1080 -167 -177 -127 -131 -157 
-159 -166 -167 1088 -153 -164 -152 -141 
-146 -150 -177 -153 1076 -137 -149 -146 
-136 -145 -127 -164 -137 1092 -133 -153 
-188 -125 -131 -152 -149 -133 1088 -181 
-172 -173 -157 -141 -146 -153 -181 1100 

1118 -159 -165 -159 -146 -136 -188 -172 
-159 1064 -177 -166 -150 -145 -125 -173 
-165 -177 1080 -167 -177 -127 -131 -157 
-159 -166 -167 1088 -153 -164 -152 -141 
-146 -150 -177 -153 1076 -137 -149 -146 
-136 -145 -127 -164 -137 1092 -133 -153 
-188 -125 -131 -152 -149 -133 1088 -181 
-172 -173 -157 -141 -146 -153 -181 1100 

1118 -159 -165 -159 -146 -136 -188 -172 
-159 1064 -177 -166 -150 -145 -125 -173 
-165 -177 1080 -167 -177 -127 -131 -157 
-159 -166 -167 1088 -153 -164 -152 -141 
-146 -150 -177 -153 1076 -137 -149 -146 
-136 -145 -127 -164 -137 1092 -133 -153 
-188 -125 -131 -152 -149 -133 1088 -181 
-172 -173 -157 -141 -146 -153 -181 1100 

1118 -159 -165 -159 -146 -136 -188 -172 
-159 1064 -177 -166 -150 -145 -125 -173 
-165 -177 1080 -167 -177 -127 -131 -157 
-159 -166 -167 1088 -153 -164 -152 -141 
-146 -150 -177 -153 1076 -137 -149 -146 
-136 -145 -127 -164 -137 1092 -133 -153 
-188 -125 -131 -152 -149 -133 1088 -181 
-172 -173 -157 -141 -146 -153 -181 1100 

1118 -159 -165 -159 -146 -136 -188 -172 
-159 1064 -177 -166 -150 -145 -125 -173 
-165 -177 1080 -167 -177 -127 -131 -157 
-159 -166 -167 1088 -153 -164 -152 -141 
-146 -150 -177 -153 1076 -137 -149 -146 
-136 -145 -127 -164 -137 1092 -133 -153 
-188 -125 -131 -152 -149 -133 1088 -181 
-172 -173 -157 -141 -146 -153 -181 1100 

1118 -159 -165 -159 -146 -136 -188 -172 
-159 1064 -177 -166 -150 -145 -125 -173 
-165 -177 1080 -167 -177 -127 -131 -157 
-159 -166 -167 1088 -153 -164 -152 -141 
-146 -150 -177 -153 1076 -137 -149 -146 
-136 -145 -127 -164 -137 1092 -133 -153 
-188 -125 -131 -152 -149 -133 1088 -181 
-172 -173 -157 -141 -146 -153 -181 1100 

1118 -159 -165 -159 -146 -136 -188 -172 
-159 1064 -177 -166 -150 -145 -125 -173 
-165 -177 1080 -167 -177 -127 -131 -157 
-159 -166 -167 1088 -153 -164 -152 -141 
-146 -150 -177 -153 1076 -137 -149 -146 
-136 -145 -127 -164 -137 1092 -133 -153 
-188 -125 -131 -152 -149 -133 1088 -181 
-172 -173 -157 -141 -146 -153 -181 1100 

1118 -159 -165 -159 -146 -136 -188 -172 
-159 1064 -177 -166 -150 -145 -125 -173 
-165 -177 1080 -167 -177 -127 -131 -157 
-159 -166 -167 1088 -153 -164 -152 -141 
-146 -150 -177 -153 1076 -137 -149 -146 
-136 -145 -127 -164 -137 1092 -133 -153 
-188 -125 -131 -152 -149 -133 1088 -181 
-172 -173 -157 -141 -146 -153 -181 1100 

1118 -159 -165 -159 -146 -136 -188 -172 
-159 1064 -177 -166 -150 -145 -125 -173 
-165 -177 1080 -167 -177 -127 -131 -157 
-159 -166 -167 1088 -153 -164 -152 -141 
-146 -150 -177 -153 1076 -137 -149 -146 
-136 -145 -127 -164 -137 1092 -133 -153 
-188 -125 -131 -152 -149 -133 1088 -181 
-172 -173 -157 -141 -146 -153 -181 1100 

1118 -159 -165 -159 -146 -136 -188 -172 
-159 1064 -177 -166 -150 -145 -125 -173 
-165 -177 1080 -167 -177 -127 -131 -157 
-159 -166 -167 1088 -153 -164 -152 -141 
-146 -150 -177 -153 1076 -137 -149 -146 
-136 -145 -127 -164 -137 1092 -133 -153 
-188 -125 -131 -152 -149 -133 1088 -181 
-172 -173 -157 -141 -146 -153 -181 1100 

1118 -159 -165 -159 -146 -136 -188 -172 
-159 1064 -177 -166 -150 -145 -125 -173 
-165 -177 1080 -167 -177 -127 -131 -157 
-159 -166 -167 1088 -153 -164 -152 -141 
-146 -150 -177 -153 1076 -137 -149 -146 
-136 -145 -127 -164 -137 1092 -133 -153 
-188 -125 -131 -152 -149 -133 1088 -181 
-172 -173 -157 -141 -146 -153 -181 1100 

1118 -159 -165 -159 -146 -136 -188 -172 
-159 1064 -177 -166 -150 -145 -125 -173 
-165 -177 1080 -167 -177 -127 -131 -157 
-159 -166 -167 1088 -153 -164 -152 -141 
-146 -150 -177 -153 1076 -137 -149 -146 
-136 -145 -127 -164 -137 1092 -133 -153 
-188 -125 -131 -152 -149 -133 1088 -181 
-172 -173 -157 -141 -146 -153 -181 1100 

1118 -159 -165 -159 -146 -136 -188 -172 
-159 1064 -177 -166 -150 -145 -125 -173 
-165 -177 1080 -167 -177 -127 -131 -157 
-159 -166 -167 1088 -153 -164 -152 -141 
-146 -150 -177 -153 1076 -137 -149 -146 
-136 -145 -127 -164 -137 1092 -133 -153 
-188 -125 -131 -152 -149 -133 1088 -181 
-172 -173 -157 -141 -146 -153 -181 1100 

1118 -159 -165 -159 -146 -136 -188 -172 
-159 1064 -177 -166 -150 -145 -125 -173 
-165 -177 1080 -167 -177 -127 -131 -157 
-159 -166 -167 1088 -153 -164 -152 -141 
-146 -150 -177 -153 1076 -137 -149 -146 
-136 -145 -127 -164 -137 1092 -133 -153 
-188 -125 -131 -152 -149 -133 1088 -181 
-172 -173 -157 -141 -146 -153 -181 1100 

1118 -159 -165 -159 -146 -136 -188 -172 
-159 1064 -177 -166 -150 -145 -125 -173 
-165 -177 1080 -167 -177 -127 -131 -157 
-159 -166 -167 1088 -153 -164 -152 -141 
-146 -150 -177 -153 1076 -137 -149 -146 
-136 -145 -127 -164 -137 1092 -133 -153 
-188 -125 -131 -152 -149 -133 1088 -181 
-172 -173 -157 -141 -146 -153 -181 1100 

1118 -159 -165 -159 -146 -136 -188 -172 
-159 1064 -177 -166 -150 -145 -125 -173 
-165 -177 1080 -167 -177 -127 -131 -157 
-159 -166 -167 1088 -153 -164 -152 -141 
-146 -150 -177 -153 1076 -137 -149 -146 
-136 -145 -127 -164 -137 1092 -133 -153 
-188 -125 -131 -152 -149 -133 1088 -181 
-172 -173 -157 -141 -146 -153 -181 1100 

1118 -159 -165 -159 -146 -136 -188 -172 
-159 1064 -177 -166 -150 -145 -125 -173 
-165 -177 1080 -167 -177 -127 -131 -157 
-159 -166 -167 1088 -153 -164 -152 -141 
-146 -150 -177 -153 1076 -137 -149 -146 
-136 -145 -127 -164 -137 1092 -133 -153 
-188 -125 -131 -152 -149 -133 1088 -181 
-172 -173 -157 -141 -146 -153 -181 1100 

1118 -159 -165 -159 -146 -136 -188 -172 
-159 1064 -177 -166 -150 -145 -125 -173 
-165 -177 1080 -167 -177 -127 -131 -157 
-159 -166 -167 1088 -153 -164 -152 -141 
-146 -150 -177 -153 1076 -137 -149 -146 
-136 -145 -127 -164 -137 1092 -133 -153 
-188 -125 -131 -152 -149 -133 1088 -181 
-172 -173 -157 -141 -146 -153 -181 1100 

1118 -159 -165 -159 -146 -136 -188 -172 
-159 1064 -177 -166 -150 -145 -125 -173 
-165 -177 1080 -167 -177 -127 -131 -157 
-159 -166 -167 1088 -153 -164 -152 -141 
-146 -150 -177 -153 1076 -137 -149 -146 
-136 -145 -127 -164 -137 1092 -133 -153 
-188 -125 -131 -152 -149 -133 1088 -181 
-172 -173 -157 -141 -146 -153 -181 1100 

1118 -159 -165 -159 -146 -136 -188 -172 
-159 1064 -177 -166 -150 -145 -125 -173 
-165 -177 1080 -167 -177 -127 -131 -157 
-159 -166 -167 1088 -153 -164 -152 -141 
-146 -150 -177 -153 1076 -137 -149 -146 
-136 -145 -127 -164 -137 1092 -133 -153 
-188 -125 -131 -152 -149 -133 1088 -181 
-172 -173 -157 -141 -146 -153 -181 1100 

1118 -159 -165 -159 -146 -136 -188 -172 
-159 1064 -177 -166 -150 -145 -125 -173 
-165 -177 1080 -167 -177 -127 -131 -157 
-159 -166 -167 1088 -153 -164 -152 -141 
-146 -150 -177 -153 1076 -137 -149 -146 
-136 -145 -127 -164 -137 1092 -133 -153 
-188 -125 -131 -152 -149 -133 1088 -181 
-172 -173 -157 -141 -146 -153 -181 1100 

1118 -159 -165 -159 -146 -136 -188 -172 
-159 1064 -177 -166 -150 -145 -125 -173 
-165 -177 1080 -167 -177 -127 -131 -157 
-159 -166 -167 1088 -153 -164 -152 -141 
-146 -150 -177 -153 1076 -137 -149 -146 
-136 -145 -127 -164 -137 1092 -133 -153 
-188 -125 -131 -152 -149 -133 1088 -181 
-172 -173 -157 -141 -146 -153 -181 1100 

1118 -159 -165 -159 -146 -136 -188 -172 
-159 1064 -177 -166 -150 -145 -125 -173 
-165 -177 1080 -167 -177 -127 -131 -157 
-159 -166 -167 1088 -153 -164 -152 -141 
-146 -150 -177 -153 1076 -137 -149 -146 
-136 -145 -127 -164 -137 1092 -133 -153 
-188 -125 -131 -152 -149 -133 1088 -181 
-172 -173 -157 -141 -146 -153 -181 1100 

1118 -159 -165 -159 -146 -136 -188 -172 
-159 1064 -177 -166 -150 -145 -125 -173 
-165 -177 1080 -167 -177 -127 -131 -157 
-159 -166 -167 1088 -153 -164 -152 -141 
-146 -150 -177 -153 1076 -137 -149 -146 
-136 -145 -127 -164 -137 1092 -133 -153 
-188 -125 -131 -152 -149 -133 1088 -181 
-172 -173 -157 -141 -146 -153 -181 1100 

1118 -159 -165 -159 -146 -136 -188 -172 
-159 1064 -177 -166 -150 -145 -125 -173 
-165 -177 1080 -167 -177 -127 -131 -157 
-159 -166 -167 1088 -153 -164 -152 -141 
-146 -150 -177 -153 1076 -137 -149 -146 
-136 -145 -127 -164 -137 1092 -133 -153 
-188 -125 -131 -152 -149 -133 1088 -181 
-172 -173 -157 -141 -146 -153 -181 1100 

1118 -159 -165 -159 -146 -136 -188 -172 
-159 1064 -177 -166 -150 -145 -125 -173 
-165 -177 1080 -167 -177 -127 -131 -157 
-159 -166 -167 1088 -153 -164 -152 -141 
-146 -150 -177 -153 1076 -137 -149 -146 
-136 -145 -127 -164 -137 1092 -133 -153 
-188 -125 -131 -152 -149 -133 1088 -181 
-172 -173 -157 -141 -146 -153 -181 1100 

1118 -159 -165 -159 -146 -136 -188 -172 
-159 1064 -177 -166 -150 -145 -125 -173 
-165 -177 1080 -167 -177 -127 -131 -157 
-159 -166 -167 1088 -153 -164 -152 -141 
-146 -150 -177 -153 1076 -137 -149 -146 
-136 -145 -127 -164 -137 1092 -133 -153 
-188 -125 -131 -152 -149 -133 1088 -181 
-172 -173 -157 -141 -146 -153 -181 1100 

1118 -159 -165 -159 -146 -136 -188 -172 
-159 1064 -177 -166 -150 -145 -125 -173 
-165 -177 1080 -167 -177 -127 -131 -157 
-159 -166 -167 1088 -153 -164 -152 -141 
-146 -150 -177 -153 1076 -137 -149 -146 
-136 -145 -127 -164 -137 1092 -133 -153 
-188 -125 -131 -152 -149 -133 1088 -181 
-172 -173 -157 -141 -146 -153 -181 1100 

1118 -159 -165 -159 -146 -136 -188 -172 
-159 1064 -177 -166 -150 -145 -125 -173 
-165 -177 1080 -167 -177 -127 -131 -157 
-159 -166 -167 1088 -153 -164 -152 -141 
-146 -150 -177 -153 1076 -137 -149 -146 
-136 -145 -127 -164 -137 1092 -133 -153 
-188 -125 -131 -152 -149 -133 1088 -181 
-172 -173 -157 -141 -146 -153 -181 1100 

1118 -159 -165 -159 -146 -136 -188 -172 
-159 1064 -177 -166 -150 -145 -125 -173 
-165 -177 1080 -167 -177 -127 -131 -157 
-159 -166 -167 1088 -153 -164 -152 -141 
-146 -150 -177 -153 1076 -137 -149 -146 
-136 -145 -127 -164 -137 1092 -133 -153 
-188 -125 -131 -152 -149 -133 1088 -181 
-172 -173 -157 -141 -146 -153 -181 1100 

1118 -159 -165 -159 -146 -136 -188 -172 
-159 1064 -177 -166 -150 -145 -125 -173 
-165 -177 1080 -167 -177 -127 -131 -157 
-159 -166 -167 1088 -153 -164 -152 -141 
-146 -150 -177 -153 1076 -137 -149 -146 
-136 -145 -127 -164 -137 1092 -133 -153 
-188 -125 -131 -152 -149 -133 1088 -181 
-172 -173 -157 -141 -146 -153 -181 1100 

1118 -159 -165 -159 -146 -136 -188 -172 
-159 1064 -177 -166 -150 -145 -125 -173 
-165 -177 1080 -167 -177 -127 -131 -157 
-159 -166 -167 1088 -153 -164 -152 -141 
-146 -150 -177 -153 1076 -137 -149 -146 
-136 -145 -127 -164 -137 1092 -133 -153 
-188 -125 -131 -152 -149 -133 1088 -181 
-172 -173 -157 -141 -146 -153 -181 1100 

1118 -159 -165 -159 -146 -136 -188 -172 
-159 1064 -177 -166 -150 -145 -125 -173 
-165 -177 1080 -167 -177 -127 -131 -157 
-159 -166 -167 1088 -153 -164 -152 -141 
-146 -150 -177 -153 1076 -137 -149 -146 
-136 -145 -127 -164 -137 1092 -133 -153 
-188 -125 -131 -152 -149 -133 1088 -181 
-172 -173 -157 -141 -146 -153 -181 1100 

1118 -159 -165 -159 -146 -136 -188 -172 
-159 1064 -177 -166 -150 -145 -125 -173 
-165 -177 1080 -167 -177 -127 -131 -157 
-159 -166 -167 1088 -153 -164 -152 -141 
-146 -150 -177 -153 1076 -137 -149 -146 
-136 -145 -127 -164 -137 1092 -133 -153 
-188 -125 -131 -152 -149 -133 1088 -181 
-172 -173 -157 -141 -146 -153 -181 1100 

1118 -159 -165 -159 -146 -136 -188 -172 
-159 1064 -177 -166 -150 -145 -125 -173 
-165 -177 1080 -167 -177 -127 -131 -157 
-159 -166 -167 1088 -153 -164 -152 -141 
-146 -150 -177 -153 1076 -137 -149 -146 
-136 -145 -127 -164 -137 1092 -133 -153 
-188 -125 -131 -152 -149 -133 1088 -181 
-172 -173 -157 -141 -146 -153 -181 1100 

1118 -159 -165 -159 -146 -136 -188 -172 
-159 1064 -177 -166 -150 -145 -125 -173 
-165 -177 1080 -167 -177 -127 -131 -157 
-159 -166 -167 1088 -153 -164 -152 -141 
-146 -150 -177 -153 1076 -137 -149 -146 
-136 -145 -127 -164 -137 1092 -133 -153 
-188 -125 -131 -152 -149 -133 1088 -181 
-172 -173 -157 -141 -146 -153 -181 1100 

1118 -159 -165 -159 -146 -136 -188 -172 
-159 1064 -177 -166 -150 -145 -125 -173 
-165 -177 1080 -167 -177 -127 -131 -157 
-159 -166 -167 1088 -153 -164 -152 -141 
-146 -150 -177 -153 1076 -137 -149 -146 
-136 -145 -127 -164 -137 1092 -133 -153 
-188 -125 -131 -152 -149 -133 1088 -181 
-172 -173 -157 -141 -146 -153 -181 1100 

1118 -159 -165 -159 -146 -136 -188 -172 
-159 1064 -177 -166 -150 -145 -125 -173 
-165 -177 1080 -167 -177 -127 -131 -157 
-159 -166 -167 1088 -153 -164 -152 -141 
-146 -150 -177 -153 1076 -137 -149 -146 
-136 -145 -127 -164 -137 1092 -133 -153 
-188 -125 -131 -152 -149 -133 1088 -181 
-172 -173 -157 -141 -146 -153 -181 1100 

1118 -159 -165 -159 -146 -136 -188 -172 
-159 1064 -177 -166 -150 -145 -125 -173 
-165 -177 1080 -167 -177 -127 -131 -157 
-159 -166 -167 1088 -153 -164 -152 -141 
-146 -150 -177 -153 1076 -137 -149 -146 
-136 -145 -127 -164 -137 1092 -133 -153 
-188 -125 -131 -152 -149 -133 1088 -181 
-172 -173 -157 -141 -146 -153 -181 1100 

1118 -159 -165 -159 -146 -136 -188 -172 
-159 1064 -177 -166 -150 -145 -125 -173 
-165 -177 1080 -167 -177 -127 -131 -157 
-159 -166 -167 1088 -153 -164 -152 -141 
-146 -150 -177 -153 1076 -137 -149 -146 
-136 -145 -127 -164 -137 1092 -133 -153 
-188 -125 -131 -152 -149 -133 1088 -181 
-172 -173 -157 -141 -146 -153 -181 1100 

1118 -159 -165 -159 -146 -136 -188 -172 
-159 1064 -177 -166 -150 -145 -125 -173 
-165 -177 1080 -167 -177 -127 -131 -157 
-159 -166 -167 1088 -153 -164 -152 -141 
-146 -150 -177 -153 1076 -137 -149 -146 
-136 -145 -127 -164 -137 1092 -133 -153 
-188 -125 -131 -152 -149 -133 1088 -181 
-172 -173 -157 -141 -146 -153 -181 1100 

[2022- 7-21] [17:25:21] [INFO] Iteration >> [99/200] done!
[2022- 7-21] [17:25:21] [INFO] Iteration >> [100/200]
1118 -159 -165 -159 -146 -136 -188 -172 
-159 1064 -177 -166 -150 -145 -125 -173 
-165 -177 1080 -167 -177 -127 -131 -157 
-159 -166 -167 1088 -153 -164 -152 -141 
-146 -150 -177 -153 1076 -137 -149 -146 
-136 -145 -127 -164 -137 1092 -133 -153 
-188 -125 -131 -152 -149 -133 1088 -181 
-172 -173 -157 -141 -146 -153 -181 1100 

1118 -159 -165 -159 -146 -136 -188 -172 
-159 1064 -177 -166 -150 -145 -125 -173 
-165 -177 1080 -167 -177 -127 -131 -157 
-159 -166 -167 1088 -153 -164 -152 -141 
-146 -150 -177 -153 1076 -137 -149 -146 
-136 -145 -127 -164 -137 1092 -133 -153 
-188 -125 -131 -152 -149 -133 1088 -181 
-172 -173 -157 -141 -146 -153 -181 1100 

1118 -159 -165 -159 -146 -136 -188 -172 
-159 1064 -177 -166 -150 -145 -125 -173 
-165 -177 1080 -167 -177 -127 -131 -157 
-159 -166 -167 1088 -153 -164 -152 -141 
-146 -150 -177 -153 1076 -137 -149 -146 
-136 -145 -127 -164 -137 1092 -133 -153 
-188 -125 -131 -152 -149 -133 1088 -181 
-172 -173 -157 -141 -146 -153 -181 1100 

1118 -159 -165 -159 -146 -136 -188 -172 
-159 1064 -177 -166 -150 -145 -125 -173 
-165 -177 1080 -167 -177 -127 -131 -157 
-159 -166 -167 1088 -153 -164 -152 -141 
-146 -150 -177 -153 1076 -137 -149 -146 
-136 -145 -127 -164 -137 1092 -133 -153 
-188 -125 -131 -152 -149 -133 1088 -181 
-172 -173 -157 -141 -146 -153 -181 1100 

1118 -159 -165 -159 -146 -136 -188 -172 
-159 1064 -177 -166 -150 -145 -125 -173 
-165 -177 1080 -167 -177 -127 -131 -157 
-159 -166 -167 1088 -153 -164 -152 -141 
-146 -150 -177 -153 1076 -137 -149 -146 
-136 -145 -127 -164 -137 1092 -133 -153 
-188 -125 -131 -152 -149 -133 1088 -181 
-172 -173 -157 -141 -146 -153 -181 1100 

1118 -159 -165 -159 -146 -136 -188 -172 
-159 1064 -177 -166 -150 -145 -125 -173 
-165 -177 1080 -167 -177 -127 -131 -157 
-159 -166 -167 1088 -153 -164 -152 -141 
-146 -150 -177 -153 1076 -137 -149 -146 
-136 -145 -127 -164 -137 1092 -133 -153 
-188 -125 -131 -152 -149 -133 1088 -181 
-172 -173 -157 -141 -146 -153 -181 1100 

1118 -159 -165 -159 -146 -136 -188 -172 
-159 1064 -177 -166 -150 -145 -125 -173 
-165 -177 1080 -167 -177 -127 -131 -157 
-159 -166 -167 1088 -153 -164 -152 -141 
-146 -150 -177 -153 1076 -137 -149 -146 
-136 -145 -127 -164 -137 1092 -133 -153 
-188 -125 -131 -152 -149 -133 1088 -181 
-172 -173 -157 -141 -146 -153 -181 1100 

1118 -159 -165 -159 -146 -136 -188 -172 
-159 1064 -177 -166 -150 -145 -125 -173 
-165 -177 1080 -167 -177 -127 -131 -157 
-159 -166 -167 1088 -153 -164 -152 -141 
-146 -150 -177 -153 1076 -137 -149 -146 
-136 -145 -127 -164 -137 1092 -133 -153 
-188 -125 -131 -152 -149 -133 1088 -181 
-172 -173 -157 -141 -146 -153 -181 1100 

1118 -159 -165 -159 -146 -136 -188 -172 
-159 1064 -177 -166 -150 -145 -125 -173 
-165 -177 1080 -167 -177 -127 -131 -157 
-159 -166 -167 1088 -153 -164 -152 -141 
-146 -150 -177 -153 1076 -137 -149 -146 
-136 -145 -127 -164 -137 1092 -133 -153 
-188 -125 -131 -152 -149 -133 1088 -181 
-172 -173 -157 -141 -146 -153 -181 1100 

1118 -159 -165 -159 -146 -136 -188 -172 
-159 1064 -177 -166 -150 -145 -125 -173 
-165 -177 1080 -167 -177 -127 -131 -157 
-159 -166 -167 1088 -153 -164 -152 -141 
-146 -150 -177 -153 1076 -137 -149 -146 
-136 -145 -127 -164 -137 1092 -133 -153 
-188 -125 -131 -152 -149 -133 1088 -181 
-172 -173 -157 -141 -146 -153 -181 1100 

1118 -159 -165 -159 -146 -136 -188 -172 
-159 1064 -177 -166 -150 -145 -125 -173 
-165 -177 1080 -167 -177 -127 -131 -157 
-159 -166 -167 1088 -153 -164 -152 -141 
-146 -150 -177 -153 1076 -137 -149 -146 
-136 -145 -127 -164 -137 1092 -133 -153 
-188 -125 -131 -152 -149 -133 1088 -181 
-172 -173 -157 -141 -146 -153 -181 1100 

1118 -159 -165 -159 -146 -136 -188 -172 
-159 1064 -177 -166 -150 -145 -125 -173 
-165 -177 1080 -167 -177 -127 -131 -157 
-159 -166 -167 1088 -153 -164 -152 -141 
-146 -150 -177 -153 1076 -137 -149 -146 
-136 -145 -127 -164 -137 1092 -133 -153 
-188 -125 -131 -152 -149 -133 1088 -181 
-172 -173 -157 -141 -146 -153 -181 1100 

1118 -159 -165 -159 -146 -136 -188 -172 
-159 1064 -177 -166 -150 -145 -125 -173 
-165 -177 1080 -167 -177 -127 -131 -157 
-159 -166 -167 1088 -153 -164 -152 -141 
-146 -150 -177 -153 1076 -137 -149 -146 
-136 -145 -127 -164 -137 1092 -133 -153 
-188 -125 -131 -152 -149 -133 1088 -181 
-172 -173 -157 -141 -146 -153 -181 1100 

1118 -159 -165 -159 -146 -136 -188 -172 
-159 1064 -177 -166 -150 -145 -125 -173 
-165 -177 1080 -167 -177 -127 -131 -157 
-159 -166 -167 1088 -153 -164 -152 -141 
-146 -150 -177 -153 1076 -137 -149 -146 
-136 -145 -127 -164 -137 1092 -133 -153 
-188 -125 -131 -152 -149 -133 1088 -181 
-172 -173 -157 -141 -146 -153 -181 1100 

1118 -159 -165 -159 -146 -136 -188 -172 
-159 1064 -177 -166 -150 -145 -125 -173 
-165 -177 1080 -167 -177 -127 -131 -157 
-159 -166 -167 1088 -153 -164 -152 -141 
-146 -150 -177 -153 1076 -137 -149 -146 
-136 -145 -127 -164 -137 1092 -133 -153 
-188 -125 -131 -152 -149 -133 1088 -181 
-172 -173 -157 -141 -146 -153 -181 1100 

1118 -159 -165 -159 -146 -136 -188 -172 
-159 1064 -177 -166 -150 -145 -125 -173 
-165 -177 1080 -167 -177 -127 -131 -157 
-159 -166 -167 1088 -153 -164 -152 -141 
-146 -150 -177 -153 1076 -137 -149 -146 
-136 -145 -127 -164 -137 1092 -133 -153 
-188 -125 -131 -152 -149 -133 1088 -181 
-172 -173 -157 -141 -146 -153 -181 1100 

1118 -159 -165 -159 -146 -136 -188 -172 
-159 1064 -177 -166 -150 -145 -125 -173 
-165 -177 1080 -167 -177 -127 -131 -157 
